{
  "zones": [
    "taz_0_0",
    "taz_0_1",
    "taz_0_2",
    "taz_0_3",
    "taz_1_0",
    "taz_1_1",
    "taz_1_2",
    "taz_1_3",
    "taz_2_0",
    "taz_2_1",
    "taz_2_2",
    "taz_2_3"
  ],
  "P": [
    5562,
    7830,
    8838,
    252,
    2196,
    6768,
    8532,
    2970,
    1494,
    900,
    3114,
    774
  ],
  "A": [
    5562,
    7830,
    8838,
    252,
    2196,
    6768,
    8532,
    2970,
    1494,
    900,
    3114,
    774
  ],
  "T": [
    [
      1346,
      1229,
      851,
      19,
      294,
      695,
      582,
      165,
      131,
      57,
      156,
      35
    ],
    [
      1229,
      1874,
      1678,
      37,
      303,
      951,
      969,
      297,
      140,
      72,
      223,
      55
    ],
    [
      851,
      1678,
      2588,
      75,
      255,
      955,
      1353,
      504,
      132,
      79,
      286,
      81
    ],
    [
      19,
      37,
      75,
      4,
      6,
      25,
      44,
      22,
      4,
      2,
      10,
      3
    ],
    [
      294,
      303,
      255,
      6,
      212,
      413,
      313,
      83,
      120,
      50,
      122,
      24
    ],
    [
      695,
      951,
      955,
      25,
      413,
      1318,
      1258,
      333,
      232,
      127,
      376,
      84
    ],
    [
      583,
      969,
      1354,
      44,
      313,
      1258,
      2162,
      735,
      218,
      152,
      588,
      158
    ],
    [
      165,
      298,
      504,
      22,
      83,
      333,
      735,
      412,
      63,
      49,
      229,
      78
    ],
    [
      131,
      140,
      132,
      4,
      120,
      232,
      218,
      63,
      191,
      79,
      159,
      28
    ],
    [
      57,
      72,
      79,
      2,
      50,
      127,
      152,
      49,
      79,
      57,
      149,
      26
    ],
    [
      156,
      224,
      287,
      10,
      123,
      377,
      588,
      229,
      159,
      149,
      668,
      148
    ],
    [
      35,
      55,
      81,
      3,
      24,
      84,
      158,
      78,
      28,
      26,
      148,
      52
    ]
  ],
  "dist": [
    [
      0.514,
      1.028,
      2.092,
      3.148,
      1.693,
      1.803,
      2.656,
      3.517,
      3.248,
      3.675,
      4.103,
      4.543
    ],
    [
      1.028,
      0.514,
      1.065,
      2.122,
      1.967,
      1.508,
      1.969,
      2.672,
      3.446,
      3.556,
      3.717,
      3.96
    ],
    [
      2.092,
      1.065,
      0.528,
      1.057,
      2.642,
      1.829,
      1.631,
      1.947,
      3.894,
      3.694,
      3.549,
      3.53
    ],
    [
      3.148,
      2.122,
      1.057,
      0.528,
      3.502,
      2.572,
      1.911,
      1.634,
      4.538,
      4.098,
      3.679,
      3.379
    ],
    [
      1.693,
      1.967,
      2.642,
      3.502,
      0.491,
      0.983,
      2.035,
      3.033,
      1.561,
      2.072,
      2.726,
      3.404
    ],
    [
      1.803,
      1.508,
      1.829,
      2.572,
      0.983,
      0.491,
      1.083,
      2.081,
      2.067,
      2.048,
      2.309,
      2.76
    ],
    [
      2.656,
      1.969,
      1.631,
      1.911,
      2.035,
      1.083,
      0.5,
      1.0,
      2.693,
      2.189,
      1.918,
      1.996
    ],
    [
      3.517,
      2.672,
      1.947,
      1.634,
      3.033,
      2.081,
      1.0,
      0.5,
      3.526,
      2.796,
      2.147,
      1.745
    ],
    [
      3.248,
      3.446,
      3.894,
      4.538,
      1.561,
      2.067,
      2.693,
      3.526,
      0.553,
      1.107,
      2.137,
      3.061
    ],
    [
      3.675,
      3.556,
      3.694,
      4.098,
      2.072,
      2.048,
      2.189,
      2.796,
      1.107,
      0.523,
      1.046,
      1.991
    ],
    [
      4.103,
      3.717,
      3.549,
      3.679,
      2.726,
      2.309,
      1.918,
      2.147,
      2.137,
      1.046,
      0.476,
      0.952
    ],
    [
      4.543,
      3.96,
      3.53,
      3.379,
      3.404,
      2.76,
      1.996,
      1.745,
      3.061,
      1.991,
      0.952,
      0.476
    ]
  ]
}