{
  "zones": [
    "taz_0_0",
    "taz_0_1",
    "taz_0_2",
    "taz_0_3",
    "taz_1_0",
    "taz_1_1",
    "taz_1_2",
    "taz_1_3",
    "taz_2_0",
    "taz_2_1",
    "taz_2_2",
    "taz_2_3",
    "ext_E",
    "ext_N",
    "ext_S",
    "ext_W"
  ],
  "zone_types": {
    "taz_0_0": "internal",
    "taz_0_1": "internal",
    "taz_0_2": "internal",
    "taz_0_3": "internal",
    "taz_1_0": "internal",
    "taz_1_1": "internal",
    "taz_1_2": "internal",
    "taz_1_3": "internal",
    "taz_2_0": "internal",
    "taz_2_1": "internal",
    "taz_2_2": "internal",
    "taz_2_3": "internal",
    "ext_E": "external",
    "ext_N": "external",
    "ext_S": "external",
    "ext_W": "external"
  },
  "P": [
    5562,
    7830,
    8838,
    252,
    2196,
    6768,
    8532,
    2970,
    1494,
    900,
    3114,
    774,
    3960,
    17730,
    4500,
    1800
  ],
  "A": [
    5562,
    7830,
    8838,
    252,
    2196,
    6768,
    8532,
    2970,
    1494,
    900,
    3114,
    774,
    3960,
    17730,
    4500,
    1800
  ],
  "T": [
    [
      0,
      1236,
      885,
      14,
      221,
      592,
      496,
      118,
      69,
      24,
      68,
      17,
      217,
      1185,
      241,
      178
    ],
    [
      1237,
      0,
      1741,
      28,
      227,
      808,
      823,
      211,
      74,
      30,
      97,
      27,
      392,
      1547,
      430,
      157
    ],
    [
      884,
      1736,
      0,
      59,
      197,
      837,
      1186,
      369,
      72,
      34,
      129,
      40,
      710,
      1898,
      562,
      126
    ],
    [
      14,
      28,
      58,
      0,
      4,
      16,
      28,
      12,
      1,
      1,
      3,
      1,
      25,
      47,
      11,
      2
    ],
    [
      217,
      222,
      193,
      3,
      0,
      257,
      195,
      43,
      46,
      16,
      39,
      9,
      81,
      750,
      40,
      87
    ],
    [
      579,
      789,
      819,
      16,
      256,
      0,
      885,
      196,
      102,
      44,
      136,
      34,
      364,
      2250,
      150,
      152
    ],
    [
      481,
      798,
      1152,
      28,
      192,
      877,
      0,
      428,
      95,
      53,
      210,
      63,
      796,
      3066,
      184,
      114
    ],
    [
      113,
      203,
      356,
      12,
      42,
      193,
      425,
      0,
      23,
      14,
      68,
      26,
      470,
      947,
      56,
      25
    ],
    [
      66,
      71,
      69,
      1,
      45,
      100,
      93,
      22,
      0,
      17,
      35,
      7,
      45,
      877,
      13,
      33
    ],
    [
      23,
      29,
      33,
      1,
      15,
      43,
      51,
      14,
      17,
      0,
      26,
      5,
      29,
      601,
      6,
      10
    ],
    [
      64,
      92,
      122,
      3,
      38,
      131,
      205,
      67,
      35,
      26,
      0,
      29,
      153,
      2112,
      20,
      23
    ],
    [
      16,
      25,
      38,
      1,
      8,
      33,
      61,
      25,
      7,
      5,
      29,
      0,
      66,
      449,
      6,
      5
    ],
    [
      195,
      352,
      639,
      23,
      74,
      334,
      737,
      438,
      42,
      28,
      145,
      62,
      0,
      0,
      0,
      888
    ],
    [
      1095,
      1427,
      1756,
      44,
      706,
      2126,
      2921,
      909,
      847,
      587,
      2066,
      439,
      0,
      0,
      2782,
      0
    ],
    [
      348,
      621,
      813,
      15,
      58,
      222,
      274,
      83,
      19,
      8,
      30,
      9,
      0,
      2001,
      0,
      0
    ],
    [
      229,
      202,
      162,
      3,
      114,
      200,
      150,
      33,
      45,
      13,
      31,
      7,
      612,
      0,
      0,
      0
    ]
  ],
  "dist": [
    [
      0.514,
      1.028,
      2.092,
      3.148,
      1.693,
      1.803,
      2.656,
      3.517,
      3.248,
      3.675,
      4.103,
      4.543,
      4.103,
      4.683,
      1.913,
      1.683
    ],
    [
      1.028,
      0.514,
      1.065,
      2.122,
      1.967,
      1.508,
      1.969,
      2.672,
      3.446,
      3.556,
      3.717,
      3.96,
      3.24,
      4.475,
      1.077,
      2.258
    ],
    [
      2.092,
      1.065,
      0.468,
      1.057,
      2.642,
      1.829,
      1.631,
      1.947,
      3.894,
      3.694,
      3.549,
      3.53,
      2.446,
      4.457,
      0.935,
      3.086
    ],
    [
      3.148,
      2.122,
      1.057,
      0.528,
      3.502,
      2.572,
      1.911,
      1.634,
      4.538,
      4.098,
      3.679,
      3.379,
      1.922,
      4.674,
      1.689,
      4.014
    ],
    [
      1.693,
      1.967,
      2.642,
      3.502,
      0.312,
      0.983,
      2.035,
      3.033,
      1.561,
      2.072,
      2.726,
      3.404,
      3.584,
      3.104,
      3.034,
      0.624
    ],
    [
      1.803,
      1.508,
      1.829,
      2.572,
      0.983,
      0.491,
      1.083,
      2.081,
      2.067,
      2.048,
      2.309,
      2.76,
      2.649,
      2.983,
      2.438,
      1.58
    ],
    [
      2.656,
      1.969,
      1.631,
      1.911,
      2.035,
      1.083,
      0.5,
      1.0,
      2.693,
      2.189,
      1.918,
      1.996,
      1.566,
      2.847,
      2.515,
      2.65
    ],
    [
      3.517,
      2.672,
      1.947,
      1.634,
      3.033,
      2.081,
      1.0,
      0.295,
      3.526,
      2.796,
      2.147,
      1.745,
      0.589,
      3.164,
      2.878,
      3.65
    ],
    [
      3.248,
      3.446,
      3.894,
      4.538,
      1.561,
      2.067,
      2.693,
      3.526,
      0.553,
      1.107,
      2.137,
      3.061,
      3.938,
      1.981,
      4.467,
      1.731
    ],
    [
      3.675,
      3.556,
      3.694,
      4.098,
      2.072,
      2.048,
      2.189,
      2.796,
      1.107,
      0.517,
      1.046,
      1.991,
      3.098,
      1.034,
      4.443,
      2.495
    ],
    [
      4.103,
      3.717,
      3.549,
      3.679,
      2.726,
      2.309,
      1.918,
      2.147,
      2.137,
      1.046,
      0.476,
      0.952,
      2.29,
      1.017,
      4.417,
      3.264
    ],
    [
      4.543,
      3.96,
      3.53,
      3.379,
      3.404,
      2.76,
      1.996,
      1.745,
      3.061,
      1.991,
      0.952,
      0.476,
      1.648,
      1.778,
      4.456,
      3.993
    ],
    [
      4.103,
      3.24,
      2.446,
      1.922,
      3.584,
      2.649,
      1.566,
      0.589,
      3.938,
      3.098,
      2.29,
      1.648,
      0.295,
      3.289,
      3.357,
      4.204
    ],
    [
      4.683,
      4.475,
      4.457,
      4.674,
      3.104,
      2.983,
      2.847,
      3.164,
      1.981,
      1.034,
      1.017,
      1.778,
      3.289,
      0.509,
      5.28,
      3.521
    ],
    [
      1.913,
      1.077,
      0.935,
      1.689,
      3.034,
      2.438,
      2.515,
      2.878,
      4.467,
      4.443,
      4.417,
      4.456,
      3.357,
      5.28,
      0.468,
      3.332
    ],
    [
      1.683,
      2.258,
      3.086,
      4.014,
      0.624,
      1.58,
      2.65,
      3.65,
      1.731,
      2.495,
      3.264,
      3.993,
      4.204,
      3.521,
      3.332,
      0.312
    ]
  ],
  "flow_totals": {
    "II": 27545,
    "EI": 21685,
    "IE": 21707,
    "EE": 6283
  }
}