{
  "zones": [
    "taz_0_0",
    "taz_0_1",
    "taz_0_2",
    "taz_0_3",
    "taz_1_0",
    "taz_1_1",
    "taz_1_2",
    "taz_1_3",
    "taz_2_0",
    "taz_2_1",
    "taz_2_2",
    "taz_2_3"
  ],
  "P": [
    5562,
    7830,
    8838,
    252,
    2394,
    6768,
    8532,
    2970,
    1494,
    900,
    3114,
    774
  ],
  "A": [
    5562,
    7830,
    8838,
    252,
    2394,
    6768,
    8532,
    2970,
    1494,
    900,
    3114,
    774
  ],
  "T": [
    [
      1339,
      1224,
      848,
      19,
      318,
      691,
      580,
      165,
      130,
      57,
      155,
      35
    ],
    [
      1224,
      1869,
      1674,
      37,
      327,
      946,
      966,
      297,
      139,
      71,
      223,
      55
    ],
    [
      848,
      1674,
      2583,
      75,
      276,
      951,
      1350,
      503,
      131,
      79,
      286,
      81
    ],
    [
      19,
      37,
      75,
      4,
      7,
      25,
      44,
      22,
      4,
      2,
      10,
      3
    ],
    [
      318,
      328,
      276,
      7,
      248,
      446,
      339,
      90,
      129,
      54,
      132,
      26
    ],
    [
      691,
      947,
      951,
      25,
      446,
      1309,
      1252,
      332,
      230,
      126,
      375,
      84
    ],
    [
      580,
      966,
      1351,
      44,
      339,
      1252,
      2156,
      733,
      216,
      151,
      586,
      158
    ],
    [
      165,
      297,
      503,
      22,
      90,
      332,
      733,
      411,
      62,
      49,
      228,
      78
    ],
    [
      130,
      139,
      131,
      4,
      129,
      230,
      216,
      62,
      190,
      78,
      158,
      28
    ],
    [
      57,
      72,
      79,
      2,
      54,
      126,
      152,
      49,
      78,
      57,
      148,
      26
    ],
    [
      156,
      223,
      286,
      10,
      133,
      375,
      586,
      228,
      158,
      148,
      666,
      147
    ],
    [
      35,
      55,
      81,
      3,
      26,
      84,
      158,
      78,
      28,
      26,
      147,
      52
    ]
  ],
  "dist": [
    [
      0.514,
      1.028,
      2.092,
      3.148,
      1.693,
      1.803,
      2.656,
      3.517,
      3.248,
      3.675,
      4.103,
      4.543
    ],
    [
      1.028,
      0.514,
      1.065,
      2.122,
      1.967,
      1.508,
      1.969,
      2.672,
      3.446,
      3.556,
      3.717,
      3.96
    ],
    [
      2.092,
      1.065,
      0.528,
      1.057,
      2.642,
      1.829,
      1.631,
      1.947,
      3.894,
      3.694,
      3.549,
      3.53
    ],
    [
      3.148,
      2.122,
      1.057,
      0.528,
      3.502,
      2.572,
      1.911,
      1.634,
      4.538,
      4.098,
      3.679,
      3.379
    ],
    [
      1.693,
      1.967,
      2.642,
      3.502,
      0.491,
      0.983,
      2.035,
      3.033,
      1.561,
      2.072,
      2.726,
      3.404
    ],
    [
      1.803,
      1.508,
      1.829,
      2.572,
      0.983,
      0.491,
      1.083,
      2.081,
      2.067,
      2.048,
      2.309,
      2.76
    ],
    [
      2.656,
      1.969,
      1.631,
      1.911,
      2.035,
      1.083,
      0.5,
      1.0,
      2.693,
      2.189,
      1.918,
      1.996
    ],
    [
      3.517,
      2.672,
      1.947,
      1.634,
      3.033,
      2.081,
      1.0,
      0.5,
      3.526,
      2.796,
      2.147,
      1.745
    ],
    [
      3.248,
      3.446,
      3.894,
      4.538,
      1.561,
      2.067,
      2.693,
      3.526,
      0.553,
      1.107,
      2.137,
      3.061
    ],
    [
      3.675,
      3.556,
      3.694,
      4.098,
      2.072,
      2.048,
      2.189,
      2.796,
      1.107,
      0.523,
      1.046,
      1.991
    ],
    [
      4.103,
      3.717,
      3.549,
      3.679,
      2.726,
      2.309,
      1.918,
      2.147,
      2.137,
      1.046,
      0.476,
      0.952
    ],
    [
      4.543,
      3.96,
      3.53,
      3.379,
      3.404,
      2.76,
      1.996,
      1.745,
      3.061,
      1.991,
      0.952,
      0.476
    ]
  ]
}