{
  "zones": [
    "taz_0_0",
    "taz_0_1",
    "taz_0_2",
    "taz_0_3",
    "taz_1_0",
    "taz_1_1",
    "taz_1_2",
    "taz_1_3",
    "taz_2_0",
    "taz_2_1",
    "taz_2_2",
    "taz_2_3",
    "ext_E",
    "ext_N",
    "ext_S",
    "ext_W"
  ],
  "zone_types": {
    "taz_0_0": "internal",
    "taz_0_1": "internal",
    "taz_0_2": "internal",
    "taz_0_3": "internal",
    "taz_1_0": "internal",
    "taz_1_1": "internal",
    "taz_1_2": "internal",
    "taz_1_3": "internal",
    "taz_2_0": "internal",
    "taz_2_1": "internal",
    "taz_2_2": "internal",
    "taz_2_3": "internal",
    "ext_E": "external",
    "ext_N": "external",
    "ext_S": "external",
    "ext_W": "external"
  },
  "P": [
    5562,
    7830,
    8838,
    252,
    2394,
    6768,
    8532,
    2970,
    1494,
    900,
    3114,
    774,
    12645,
    17730,
    5625,
    1800
  ],
  "A": [
    5562,
    7830,
    8838,
    252,
    2394,
    6768,
    8532,
    2970,
    1494,
    900,
    3114,
    774,
    12645,
    17730,
    5625,
    1800
  ],
  "T": [
    [
      0,
      1060,
      688,
      11,
      211,
      495,
      370,
      76,
      59,
      20,
      54,
      13,
      881,
      1243,
      322,
      64
    ],
    [
      1052,
      0,
      1301,
      21,
      208,
      649,
      590,
      131,
      60,
      24,
      74,
      19,
      1537,
      1560,
      554,
      55
    ],
    [
      676,
      1288,
      0,
      39,
      162,
      605,
      765,
      206,
      53,
      25,
      88,
      26,
      2508,
      1722,
      650,
      39
    ],
    [
      11,
      20,
      38,
      0,
      3,
      11,
      18,
      6,
      1,
      1,
      2,
      1,
      87,
      41,
      12,
      1
    ],
    [
      208,
      207,
      163,
      3,
      0,
      233,
      158,
      30,
      43,
      14,
      34,
      7,
      355,
      854,
      57,
      34
    ],
    [
      482,
      637,
      599,
      11,
      229,
      0,
      620,
      119,
      81,
      35,
      101,
      23,
      1386,
      2219,
      189,
      52
    ],
    [
      354,
      569,
      745,
      18,
      153,
      610,
      0,
      230,
      67,
      36,
      139,
      39,
      2684,
      2676,
      205,
      34
    ],
    [
      72,
      125,
      198,
      6,
      29,
      115,
      227,
      0,
      14,
      8,
      38,
      14,
      1365,
      711,
      53,
      6
    ],
    [
      56,
      58,
      51,
      1,
      41,
      80,
      67,
      14,
      0,
      13,
      27,
      5,
      174,
      883,
      17,
      12
    ],
    [
      19,
      23,
      24,
      1,
      13,
      34,
      36,
      8,
      13,
      0,
      19,
      3,
      110,
      591,
      7,
      3
    ],
    [
      51,
      70,
      84,
      2,
      32,
      98,
      136,
      38,
      26,
      19,
      0,
      19,
      546,
      1976,
      23,
      7
    ],
    [
      12,
      18,
      25,
      1,
      7,
      23,
      38,
      13,
      5,
      3,
      19,
      0,
      217,
      390,
      7,
      1
    ],
    [
      801,
      1408,
      2321,
      82,
      326,
      1295,
      2548,
      1312,
      165,
      106,
      528,
      210,
      0,
      0,
      0,
      1491
    ],
    [
      1143,
      1445,
      1611,
      39,
      794,
      2097,
      2569,
      691,
      847,
      575,
      1932,
      382,
      0,
      0,
      3528,
      0
    ],
    [
      419,
      725,
      861,
      16,
      76,
      253,
      278,
      73,
      22,
      10,
      32,
      9,
      0,
      2865,
      0,
      0
    ],
    [
      206,
      176,
      128,
      2,
      110,
      170,
      114,
      22,
      39,
      11,
      25,
      5,
      795,
      0,
      0,
      0
    ]
  ],
  "dist": [
    [
      0.514,
      1.028,
      2.092,
      3.148,
      1.693,
      1.803,
      2.656,
      3.517,
      3.248,
      3.675,
      4.103,
      4.543,
      4.093,
      4.683,
      1.913,
      1.683
    ],
    [
      1.028,
      0.514,
      1.065,
      2.122,
      1.967,
      1.508,
      1.969,
      2.672,
      3.446,
      3.556,
      3.717,
      3.96,
      3.226,
      4.475,
      1.077,
      2.258
    ],
    [
      2.092,
      1.065,
      0.468,
      1.057,
      2.642,
      1.829,
      1.631,
      1.947,
      3.894,
      3.694,
      3.549,
      3.53,
      2.427,
      4.457,
      0.935,
      3.086
    ],
    [
      3.148,
      2.122,
      1.057,
      0.528,
      3.502,
      2.572,
      1.911,
      1.634,
      4.538,
      4.098,
      3.679,
      3.379,
      1.897,
      4.674,
      1.689,
      4.014
    ],
    [
      1.693,
      1.967,
      2.642,
      3.502,
      0.312,
      0.983,
      2.035,
      3.033,
      1.561,
      2.072,
      2.726,
      3.404,
      3.583,
      3.104,
      3.034,
      0.624
    ],
    [
      1.803,
      1.508,
      1.829,
      2.572,
      0.983,
      0.491,
      1.083,
      2.081,
      2.067,
      2.048,
      2.309,
      2.76,
      2.646,
      2.983,
      2.438,
      1.58
    ],
    [
      2.656,
      1.969,
      1.631,
      1.911,
      2.035,
      1.083,
      0.5,
      1.0,
      2.693,
      2.189,
      1.918,
      1.996,
      1.563,
      2.847,
      2.515,
      2.65
    ],
    [
      3.517,
      2.672,
      1.947,
      1.634,
      3.033,
      2.081,
      1.0,
      0.29,
      3.526,
      2.796,
      2.147,
      1.745,
      0.581,
      3.164,
      2.878,
      3.65
    ],
    [
      3.248,
      3.446,
      3.894,
      4.538,
      1.561,
      2.067,
      2.693,
      3.526,
      0.553,
      1.107,
      2.137,
      3.061,
      3.948,
      1.981,
      4.467,
      1.731
    ],
    [
      3.675,
      3.556,
      3.694,
      4.098,
      2.072,
      2.048,
      2.189,
      2.796,
      1.107,
      0.517,
      1.046,
      1.991,
      3.113,
      1.034,
      4.443,
      2.495
    ],
    [
      4.103,
      3.717,
      3.549,
      3.679,
      2.726,
      2.309,
      1.918,
      2.147,
      2.137,
      1.046,
      0.476,
      0.952,
      2.31,
      1.017,
      4.417,
      3.264
    ],
    [
      4.543,
      3.96,
      3.53,
      3.379,
      3.404,
      2.76,
      1.996,
      1.745,
      3.061,
      1.991,
      0.952,
      0.476,
      1.672,
      1.778,
      4.456,
      3.993
    ],
    [
      4.093,
      3.226,
      2.427,
      1.897,
      3.583,
      2.646,
      1.563,
      0.581,
      3.948,
      3.113,
      2.31,
      1.672,
      0.29,
      3.31,
      3.336,
      4.204
    ],
    [
      4.683,
      4.475,
      4.457,
      4.674,
      3.104,
      2.983,
      2.847,
      3.164,
      1.981,
      1.034,
      1.017,
      1.778,
      3.31,
      0.509,
      5.28,
      3.521
    ],
    [
      1.913,
      1.077,
      0.935,
      1.689,
      3.034,
      2.438,
      2.515,
      2.878,
      4.467,
      4.443,
      4.417,
      4.456,
      3.336,
      5.28,
      0.468,
      3.332
    ],
    [
      1.683,
      2.258,
      3.086,
      4.014,
      0.624,
      1.58,
      2.65,
      3.65,
      1.731,
      2.495,
      3.264,
      3.993,
      4.204,
      3.521,
      3.332,
      0.312
    ]
  ],
  "flow_totals": {
    "II": 20418,
    "EI": 29010,
    "IE": 29121,
    "EE": 8679
  }
}