{
  "zones": [
    "taz_0_0",
    "taz_0_1",
    "taz_0_2",
    "taz_0_3",
    "taz_1_0",
    "taz_1_1",
    "taz_1_2",
    "taz_1_3",
    "taz_2_0",
    "taz_2_1",
    "taz_2_2",
    "taz_2_3"
  ],
  "P": [
    5562,
    7830,
    8838,
    252,
    2394,
    6768,
    8532,
    2970,
    1494,
    900,
    3114,
    774
  ],
  "A": [
    5562,
    7830,
    8838,
    252,
    2394,
    6768,
    8532,
    2970,
    1494,
    900,
    3114,
    774
  ],
  "T": [
    [
      1054,
      1050,
      994,
      27,
      870,
      280,
      539,
      372,
      822,
      130,
      350,
      135
    ],
    [
      1050,
      1471,
      669,
      18,
      305,
      131,
      306,
      228,
      299,
      55,
      171,
      72
    ],
    [
      994,
      669,
      2033,
      49,
      352,
      180,
      584,
      528,
      386,
      84,
      301,
      145
    ],
    [
      27,
      18,
      49,
      3,
      11,
      6,
      23,
      28,
      14,
      3,
      13,
      6
    ],
    [
      870,
      306,
      352,
      11,
      195,
      197,
      342,
      220,
      886,
      134,
      324,
      109
    ],
    [
      280,
      131,
      180,
      6,
      197,
      1030,
      188,
      121,
      234,
      46,
      136,
      52
    ],
    [
      539,
      306,
      584,
      23,
      342,
      188,
      1697,
      610,
      504,
      127,
      488,
      224
    ],
    [
      372,
      228,
      528,
      28,
      220,
      121,
      610,
      324,
      351,
      100,
      461,
      269
    ],
    [
      822,
      299,
      386,
      14,
      886,
      234,
      504,
      351,
      150,
      448,
      895,
      270
    ],
    [
      130,
      56,
      84,
      3,
      134,
      46,
      128,
      100,
      448,
      45,
      303,
      91
    ],
    [
      352,
      171,
      301,
      13,
      326,
      136,
      488,
      461,
      895,
      303,
      524,
      506
    ],
    [
      135,
      72,
      145,
      6,
      109,
      52,
      224,
      269,
      270,
      91,
      506,
      41
    ]
  ],
  "dist": [
    [
      0.514,
      1.028,
      2.092,
      3.148,
      1.693,
      1.803,
      2.656,
      3.517,
      3.248,
      3.675,
      4.103,
      4.543
    ],
    [
      1.028,
      0.514,
      1.065,
      2.122,
      1.967,
      1.508,
      1.969,
      2.672,
      3.446,
      3.556,
      3.717,
      3.96
    ],
    [
      2.092,
      1.065,
      0.528,
      1.057,
      2.642,
      1.829,
      1.631,
      1.947,
      3.894,
      3.694,
      3.549,
      3.53
    ],
    [
      3.148,
      2.122,
      1.057,
      0.528,
      3.502,
      2.572,
      1.911,
      1.634,
      4.538,
      4.098,
      3.679,
      3.379
    ],
    [
      1.693,
      1.967,
      2.642,
      3.502,
      0.491,
      0.983,
      2.035,
      3.033,
      1.561,
      2.072,
      2.726,
      3.404
    ],
    [
      1.803,
      1.508,
      1.829,
      2.572,
      0.983,
      0.491,
      1.083,
      2.081,
      2.067,
      2.048,
      2.309,
      2.76
    ],
    [
      2.656,
      1.969,
      1.631,
      1.911,
      2.035,
      1.083,
      0.5,
      1.0,
      2.693,
      2.189,
      1.918,
      1.996
    ],
    [
      3.517,
      2.672,
      1.947,
      1.634,
      3.033,
      2.081,
      1.0,
      0.5,
      3.526,
      2.796,
      2.147,
      1.745
    ],
    [
      3.248,
      3.446,
      3.894,
      4.538,
      1.561,
      2.067,
      2.693,
      3.526,
      0.553,
      1.107,
      2.137,
      3.061
    ],
    [
      3.675,
      3.556,
      3.694,
      4.098,
      2.072,
      2.048,
      2.189,
      2.796,
      1.107,
      0.523,
      1.046,
      1.991
    ],
    [
      4.103,
      3.717,
      3.549,
      3.679,
      2.726,
      2.309,
      1.918,
      2.147,
      2.137,
      1.046,
      0.476,
      0.952
    ],
    [
      4.543,
      3.96,
      3.53,
      3.379,
      3.404,
      2.76,
      1.996,
      1.745,
      3.061,
      1.991,
      0.952,
      0.476
    ]
  ],
  "calibration_history": [
    {
      "geh5_pct": 9.722222222222221,
      "mean_geh": 29.84337298695849,
      "rmse": 1504.2216587362086,
      "correlation": 0.25640829782747065,
      "mean_obs": 1716.25,
      "mean_asn": 1645.2569444444443,
      "ratio": 0.9586347819049931
    },
    {
      "geh5_pct": 9.722222222222221,
      "mean_geh": 26.474786376359244,
      "rmse": 1283.8241134075442,
      "correlation": 0.3996445673589235,
      "mean_obs": 1716.25,
      "mean_asn": 1534.3958333333333,
      "ratio": 0.8940398154891963
    },
    {
      "geh5_pct": 9.027777777777779,
      "mean_geh": 24.444651102042474,
      "rmse": 1185.2294989907134,
      "correlation": 0.4829040186070016,
      "mean_obs": 1716.25,
      "mean_asn": 1455.2569444444443,
      "ratio": 0.84792829974913
    },
    {
      "geh5_pct": 12.5,
      "mean_geh": 23.571689552076386,
      "rmse": 1150.1973230469825,
      "correlation": 0.5196695965647268,
      "mean_obs": 1716.25,
      "mean_asn": 1416.1458333333333,
      "ratio": 0.8251395969895605
    },
    {
      "geh5_pct": 17.36111111111111,
      "mean_geh": 22.980604678495315,
      "rmse": 1135.7276118565285,
      "correlation": 0.5419669522620087,
      "mean_obs": 1716.25,
      "mean_asn": 1392.2222222222222,
      "ratio": 0.8112001294812656
    }
  ]
}